21
121
52
61
28
78
11
53
34
95
117
15
56
56
69
106
51
24
3
5
77
127
2
71
83
94
91
121
2
59
98
39
13
0
79
63
101
103
30
66
70
33
34
48
125
102
64
71
27
28
112
33
82
125
108
1
104
4
68
108
25
29
6
96
103
73
2
5
17
100
65
111
64
38
27
51
96
53
35
54
89
57
25
104
56
2
91
117
63
45
51
6
65
113
2
107
80
8
97
104
125
23
54
10
88
105
30
78
107
25
3
119
31
123
44
84
62
100
3
5
24
5
84
29
32
97
82
18
79
28
74
50
36
30
15
10
25
60
36
14
31
39
120
44
122
35
127
124
98
103
38
127
47
95
115
47
64
84
31
65
10
19
67
15
105
19
1
109
19
31
92
53
91
51
17
31
29
55
82
127
74
5
3
78
84
25
89
85
46
106
42
63
97
52
79
107
55
56
97
95
47
111
117
66
48
97
40
64
61
121
73
117
1
34
72
30
68
100
1
100
127
11
41
45
119
97
122
71
64
4
109
83
93
65
84
96
0
17
119
31
105
111
4
119
17
28
101
2
44
74
115
10
21
61
39
51
66
60
83
107
17
120
73
94
122
52
52
20
124
18
21
43
13
73
42
126
41
76
96
94
116
6
109
103
126
124
56
127
25
113
127
31
34
6
96
55
26
105
8
37
53
14
59
41
16
70
91
66
101
96
51
42
114
33
120
109
0
42
123
73
95
91
17
106
107
23
4
126
6
101
1
66
56
90
4
104
40
85
99
112
117
24
8
24
123
44
25
14
29
32
46
64
103
56
56
72
4
19
121
41
125
17
72
123
48
34
14
22
15
107
113
71
52
0
9
36
96
18
79
9
51
38
43
85
118
71
45
127
14
69
5
52
102
3
76
42
95
110
84
50
114
1
124
24
77
76
39
56
42
13
59
16
60
19
89
63
66
106
26
92
126
0
116
94
105
20
5
57
127
97
38
28
4
15
74
47
121
59
86
76
101
3
118
69
112
28
18
7
52
114
10
11
61
56
60
87
25
13
76
15
107
53
84
111
117
50
46
32
10
99
111
125
9
88
90
40
34
0
66
15
2
43
68
49
56
47
52
127
94
47
52
10
103
77
109
2
57
11
10
13
64
125
36
53
116
73
86
98
20
42
12
12
119
83
25
96
1
19
9
54
110
55
7
104
96
41
88
62
122
83
24
65
54
24
109
14
70
121
82
25
50
114
42
70
87
51
30
114
33
113
47
103
66
30
43
102
24
94
55
47
56
103
57
22
29
55
56
115
90
108
12
124
103
34
101
25
9
116
83
77
67
117
100
93
36
30
122
127
120
32
92
59
33
17
61
111
83
108
106
126
95
29
12
61
59
62
73
82
105
105
38
84
73
10
49
44
106
70
54
84
93
113
37
90
38
2
1
89
90
23
7
60
104
9
48
84
108
37
107
77
73
88
52
61
99
44
125
29
118
4
3
115
49
51
20
13
4
73
74
116
110
96
95
47
82
111
112
103
68
72
99
11
99
10
40
6
31
71
45
34
48
76
90
70
55
88
126
113
42
90
71
46
100
87
41
75
98
2
71
37
97
20
55
27
95
9
39
88
27
43
103
106
115
20
75
75
58
27
101
73
20
127
30
1
75
14
5
117
49
63
27
28
41
104
66
36
90
45
51
28
7
53
11
70
36
28
68
104
25
78
21
15
77
58
117
108
24
56
18
54
106
99
88
88
51
112
104
57
120
34
127
100
20
112
84
17
112
40
26
27
44
80
82
77
29
105
55
8
35
53
98
1
41
71
52
0
41
89
1
62
111
68
19
84
108
72
82
118
108
47
12
50
37
32
91
126
5
57
70
56
24
72
45
89
71
113
26
126
127
112
14
115
82
105
75
42
117
106
96
3
76
121
8
124
72
6
28
55
49
120
41
60
27
4
122
60
80
121
25
72
126
5
73
37
19
43
10
1
17
2
63
28
119
125
103
93
78
125
72
51
21
119
113
29
108
83
80
62
12
68
1
12
9
95
27
15
112
58
56
111
10
93
94
68
9
112
101
52
53
70
2
51
78
123
37
122
106
91
92
116
104
105
40
34
77
83
90
112
115
104
17
82
51
63
44
2
69
79
50
31
18
81
8
100
63
65
61
101
42
127
67
103
0
122
20
62
48
119
63
80
22
115
92
28
39
17
68
20
69
99
96
70
29
107
123
13
106
115
46
106
33
4
20
33
6
88
15
87
71
30
66
82
56
45
52
44
25
99
7
89
75
124
37
47
126
86
22
64
11
109
81
68
125
74
46
119
15
120
73
19
94
73
70
92