83
102
17
74
3
41
27
78
68
90
98
124
83
45
124
80
103
26
127
19
85
13
53
58
74
92
117
85
79
8
22
90
23
19
12
59
24
22
40
35
68
123
87
52
42
105
12
127
6
74
45
112
15
120
24
1
23
99
116
38
107
76
107
27
50
12
48
123
114
63
49
30
65
20
69
39
26
42
37
68
69
16
33
16
79
111
58
82
15
80
57
79
44
111
2
48
71
96
118
75
40
102
81
93
38
80
117
54
77
20
9
117
24
2
79
55
97
31
119
69
1
50
19
21
54
43
62
88
22
81
113
55
69
93
29
35
120
72
63
116
26
81
90
110
76
7
48
105
82
17
104
94
81
118
53
5
84
52
10
87
114
37
67
62
106
70
93
32
59
25
109
1
44
53
13
93
84
68
56
91
113
88
62
67
45
100
98
60
75
86
55
16
100
42
125
80
13
58
88
92
71
109
92
75
102
20
46
113
82
78
62
45
104
92
74
104
61
74
94
103
97
10
59
53
115
76
89
76
0
17
100
53
67
25
40
117
27
71
8
2
25
52
18
110
100
18
32
90
73
56
86
44
107
44
20
96
17
102
73
62
1
122
62
9
48
14
127
11
49
70
93
62
50
113
99
9
97
53
82
76
23
93
108
56
119
19
83
24
99
3
63
95
64
107
29
78
43
68
122
1
40
42
103
122
35
104
45
2
15
18
74
99
46
56
84
120
67
45
85
18
127
63
118
75
117
9
104
38
110
78
22
106
118
113
91
64
74
20
41
55
31
1
47
22
1
47
12
117
89
107
54
108
99
119
115
37
4
127
97
78
113
0
48
75
87
93
20
79
82
53
102
54
13
39
93
91
25
63
117
119
22
51
33
70
34
67
32
29
63
26
95
68
54
37
47
49
104
125
50
22
18
1
108
99
86
97
2
83
49
63
75
108
19
15
27
64
61
27
6
54
4
10
15
11
20
49
82
106
57
34
7
64
32
29
118
126
78
101
104
28
42
95
11
4
50
80
41
72
7
79
9
103
39
31
87
47
24
30
60
34
45
90
36
98
76
62
82
0
39
60
11
17
92
6
44
72
97
32
28
12
30
14
121
52
30
4
7
73
56
34
94
68
52
33
62
65
29
13
61
1
69
69
81
29
57
102
36
76
16
57
113
37
82
24
30
83
73
49
9
56
83
83
35
3
30
94
4
55
120
63
110
121
41
111
61
52
79
15
120
54
121
101
39
60
127
79
72
99
42
34
102
100
0
94
93
110
28
84
58
3
109
121
63
29
15
2
78
81
65
13
11
39
51
125
39
31
26
95
124
10
9
119
97
52
65
114
79
106
52
36
63
5
30
7
61
36
111
46
50
101
15
25
110
105
3
99
54
92
70
112
35
42
101
98
50
70
45
25
19
23
73
53
108
34
38
41
8
110
63
99
74
104
40
96
94
98
60
73
107
60
35
109
120
61
77
80
33
55
90
85
87
46
37
123
42
112
63
29
41
35
73
78
99
119
14
82
20
24
91
87
2
64
73
60
48
123
91
80
38
57
78
75
44
78
95
2
48
33
60
66
75
80
44
112
20
120
39
51
33
58
109
22
8
51
24
125
97
107
36
44
39
108
79
10
17
94
91
92
3
23
99
52
107
127
45
58
38
99
93
60
55
101
46
80
13
58
109
17
50
43
82
81
7
104
123
40
80
15
51
114
18
39
50
11
94
33
41
122
51
65
82
35
70
22
118
54
57
101
117
28
123
28
19
61
48
110
51
20
127
86
26
77
126
51
49
85
2
24
2
15
68
99
66
1
61
57
0
85
64
104
26
36
47
0
125
88
40
48
100
106
118
17
85
3
82
31
97
50
64
100
102
72
51
93
93
105
99
104
111
126
120
120
3
112
86
26
64
70
126
105
20
42
64
93
104
83
5
35
26
20
118
62
49
22
108
84
58
60
23
120
70
112
41
76
30
56
52
101
81
14
52
43
7
22
10
55
59
57
30
115
125
111
11
96
67
92
14
74
90
93
40
9
9
109
19
56
96
105
0
96
109
14
18
39
105
48
27
21
62
62
67
53
4
68
66
0
118
94
14
127
110
115
19
65
85
87
74
33
18
38
30
48
86
94
118
126
23
94
24
120
26
97
27
82
94
80
0
118
56
123
113
125
51
16
63
96
22
114
54
34
10
2
105
45
86
101
33
82
49
63
65
1
4
20
35
1
113
53
24
2
13
15
56
10
90
96
37
17
47
22
100
126
8
60
34
123
116
47
46
31
29
20
29
98
44
41
10
52
82
67
108
79
69
86
87
54
124
64
36
58
2
72
127
12
67
69
0
39
65
49
51
63
26
25
124
46
50
119
68
84
41
94
26
45
18
30
5
53
28
92
90
69
27
106
16
63
10
110
110
113
76
127
42
18
113
86
15
68
45
110
67
107
87
83
68
99
69
32
80
113
118
101
106
127
1
39
42
9
84
27
93
2
54
8
69
2
44
56
87
49
6
57
22
64
77
60
25
116
60
35
16
66
47
112
75
100
28
125
74
121
113
111
94
14
126
97
23
14
33
77
81
45
68
18
77
91
86
46
89
86
127
44
42
107
26
94
98
69
32
41
125
0
9
100
45
63
31
78
117
57
37
52
88
70
85
63
83
42
65
120
27
121
61
61
103
35
22
58
15
81
15
44
25
41
80
11
109
65
27
125
32
26
84
15
25
98
117
101
103
35
75
89
2
88
116
35
74
3
70
70
92
113
29
5
104
3
46
18
73
3
3
122
1
21
4
0
35
118
85
42
19
12
57
26
51
44
89
79
73
3
1
120
99
28
106
36
55
28
77
21
45
14
99
22
11
13
54
127
110
53
125
47
80
102
42
54
64
119
75
81
79
116
10
6
98
21
30
66
13
30
82
5
11
82
6
118
23
2
72
120
3
18
91
87
70
112
48
72
124
103
111
38
14
112
37
81
68
54
87
82
127
21
34
65
23
17
102
35
120
7
100
43
82
81
103
120
119
26
95
118
6
14
111
117
88
10
77
15
121
70
92
53
89
27
3
8
125
101
64
112
71
109
80
64
98
48
38
91
0
115
2
10
127
92
108
118
75
91
100
63
104
27
126
68
32
125
111
102
69
95
72
89
20
126
72
12
76
1
74
102
92
23
53
85
70
34
76
19
25
94
35
32
70
25
33
65
99
92
73
7
105
62
95
48
68
78
19
103
115
79
99
109
78
91
66
29
61
30
58
57
49
14
116
44
14
61
84
10
73
60
99
71
31
16
107
25
62
127
13
46
110
99
90
68
24
0
78
104
63
63
52
70
9
54
17
73
0
84
27
63
23
5
7
77
86
73
109
32
15
125
25
81
24
80
35
117
1
12
37
83
25
72
7
9
19
123
5
4
85
74
108
7
46
33
92
49
32
53
38
89
50
109
67
98
58
14
5
7
103
23
125
116
123
77
36
111
47
101
14
63
21
52
34
118
84
77
96
67
55
108
112
77
32
124
103
82
79
78
1
119
39
87
50
19
20
114
64
42
9
93
25
54
27
3
107
112
86
114
4
19
54
69
101
101
38
67
98
4
90
95
101
17
67
89
22
109
104
15
83
39
64
38
28
66
0
122
116
83
80
49
70
92
70
15
96
25
16
34
113
87
37
61
8
95
33
47
103
93
68
18
4
54
94
122
44
50
73
22
63
58
33
113
78
31
2
37
103
22
22
97
68
43
57
120
72
109
49
53
23
33
77
92
77
107
125
53
50
25
108
25
109
119
112
46
119
18
67
122
109
89
53
19
69
24
120
102
102
11
19
93
64
13
66
90
30
48
39
45
10
107
63
99
50
59
123
73
33
121
50
96
79
3
7
16
36
115
4
47
66
76
64
28
1
83
126
123
96
70
115
96
116
4
7
16
31
35
15
106
57
94
66
65
88
122
32
13
117
80
88
111
0
120
44
2
12
57
16
64
4
70
86
41
93
39
100
32
77
86
0
126
13
114
76
84
123
18
9
82
40
109
53
35
90
90
15
41
110
8
86
93
36
78
37
40
2
30
2
23
48
89
35
15
53
100
61
64
98
98
127
54
76
82
20
62
89
7
71
113
121
121
1
28
10
21
107
58
26
16
12
76
71
3
75
89
100
108
121
45
14
45
113
86
45
13
19
112
52
50
2
56
117
64
16
81
35
9
106
6
92
125
92
13
119
71
48
80
125
4
118
19
55
56
1
51
35
5
45
102
41
22
40
89
79
62
68
78
23
19
97
77
118
74
12
42
22
63
21
54
88
5
61
18
7
99
127
88
83
122
20
113
31
61
77
112
52
106
86
28
22
111
105
44
6
83
70
123
82
22
0
120
5
100
51
8
19
3
23
97
122
116
72
10
100
0
109
28
106
88
30
70
92
94
57
20
15
13
27
117
0
3
78
30
39
7
28
12
47
79
8
66
21
80
115
109
11
37
31
8
53
63
42
119
43
56
63
44
97
111
4
68
33
101
0
50
39
89
76
48
73
8
10
112
72
37
16
86
3
83
103
67
102
124
53
45
70
64
82
74
1
26
16
54
56
114
76
73
108
66
45
35
42
47
74
105
112
19
125
13
70
3
5
88
118
6
96
32
99
76
84
105
75
12
114
63
107
68
59
14
112
58
70
34
107
21
7
61
37
105
69
120
77
97
70
63
122
99
19
1
112
95
87
10
53
50
28
65
67
47
66
31
11
58
95
102
36
12
122
63
3
13
119
120
92
72
1
120
17
61
94
47
96
52
117
31
41
13
92
7
9
36
108
71
61
2
123
3
42
7
102
17
11
73
98
21
115
118
21
26
119
73
118
85
85
62
98
111
53
51
32
127
51
56
69
81
47
111
125
13
64
75
52
26
99
120
11
4
61
21
42
77
42
59
61
58
9
94
61
111
109
9
125
47
18
55
8
126
99
14
107
73
64
115
121
110
95
109
49
66
106
19
79
63
8
85
4
23
109
6
72
59
73
25
60
13
99
97
125
116
77
43
25
39
28
80
40
50
105
43
43
126
56
118
26
82
77
58
87
66
17
53
93
36
25
43
102
87
53
3
13
49
126
42
95
51
55
23
1
121
62
125
117
64
12
122
99
7
73
120
112
30
6
24
92
97
126
21
20
94
10
9
6
44
1
125
37
100
17
21
86
47
2
124
9
66
84
73
117
8
12
42
72
51
19
113
71
62
11
41
29
117
62
41
104
113
115
52
72
93
104
40
27
12
115
11
116
82
78
126
42
31
40
85
83
122
3
125
79
31
26
22
83
19
85
12
19
2
115
12
90
126
116
69
76
37
65
113
23
82
83
51
81
26
22
107
11
10
35
74
89
120
50
62
115
89
10
36
59
105
52
100
99
102
30
73
56
38
1
77
62
31
2
119
100
123
93
127
4
42
86
62
85
48
89
100
98
2
6
36
85
90
3
101
112
91
37
105
123
53
55
58
4
54
4
113
18
82
99
32
3
48
63
80
39
0
105
106
46
27
33
116
31
102
105
17
15
76
91
105
110
98
44
56
37
65
71
37
83
16
14
123
95
95
70
73
95
100
82
38
12
60
48
76
52
60
87
37
15
55
58
116
112
102
24
95
79
77
25
40
27
68
117
68
71
108
100
51
10
18
107
1
24
58
30
49
28
65
99
6
66
35
109
19
87
9
85
45
87
121
13
78
106
95
48
116
93
2
77
86
7
92
66
126
1
77
13
98
79
47
67
48
27
95
121
31
48
91
98
119
42
73
37
0
82
59
125
52
11
6
123
84
11
50
63
53
115
33
86
125
49
104
26
34
73
25
41
42
99
46
90
120
21
64
111
43
42
47
55
92
11
24
65
35
60
67
41
36
112
65
95
63
11
58
55
20
11
2
29
104
20
54
96
119
60
12
54
29
127
48
71
124
77
40
79
10
89
117
127
95
44
123
116
95
126
116
13
83
47
83
2
60
49
76
62
20
27
99
95
19
24
23
111
119
109
87
28
5
116
52
102
118
122
117
87
111
10
72
49
83
68
13
72
109
8
2
120
69
108
58
50
63
60
94
74
25
52
109
92
58
77
110
59
121
81
84
23
3
78
90
116
49
92
121
86
30
7
77
11
36
21
121
97
117
60
122
73
27
29
21
60
101
96
120
66
91
91
14
83
77
24
123
89
67
19
108
14
57
15
93
32
70
14
19
31
39
53
113
16
35
36
112
100
120
97
27
81
73
77
47
85
29
73
106
67
78
120
67
83
70
89
88
10
5
31
111
103
92
66
67
51
66
46
95
22
97
92
22
103
84
115
16
18
114
66
13
16
67
58
74
33
71
62
33
96
19
52
11
7
35
10
78
54
63
5
26
61
52
49
72
57
9
89
19
93
4
25
15
19
99
50
86
28
73
1
33
90
81
12
4
80
32
126
72
96
73
51
94
60
61
27
102
109
51
58
47
86
72
13
83
123
68
92
40
18
54
86
50
126
45
87
50
117
98
89
2
122
113
52
100
107
90
112
101
0
110
107
46
37
126
22
10
37
66
8
0
44
30
52
53
9
82
6
88
125
40
118
95
20
6
48
64
21
8
118
13
107
76
10
112
84
77
90
100
13
52
11
98
101
10
50
110
18
126
98
13
54
38
96
40
114
79
40
65
50
72
123
0
22
91
73
90
23
7
123
20
78
115
15
89
39
87
107
107
80
91
88
123
24
13
89
21
114
105
118
57
24
10
49
77
24
36
55
104
81
91
89
53
58
89
124
101
26
94
18
51
9
123
97
4
44
96
82
67
15
91
117
55
56
42
23
85
80
18
23
59
113
114
53
0
109
115
66
97
70
78
64
38
81
97
31
6
12
61
49
28
108
9
47
65
38
68
72
43
10
81
57
2
24
43
10
64
70
6
18
46
77
20
16
21
118
100
64
9
72
6
57
100
36
127
44
13
17
115
3
58
40
83
80
56
73
11
75
113
106
122
16
46
36
79
25
81
54
8
47
16
116
123
102
125
79
78
64
47
84
53
117
60
23
100
23
48
104
98
77
48
126
20
80
86
75
122
66
87
29
36
88
52
97
56
3
124
42
32
73
93
105
53
89
59
111
44
47
37
41
50
126
43
41
0
41
111
88
74
68
102
68
78
48
75
93
62
90
121
55
125
118
125
47
2
107
54
17
25
40
79
110
1
63
126
23
85
67
37
52
20
96
59
40
42
68
101
101
39
73
50
7
6
86
105
16
82
112
87
124
103
51
95
84
97
122
37
112
5
107
40
31
89
43
102
35
9
57
107
122
74
50
12
81
103
115
1
122
71
61
125
29
125
121
59
106
37
63
40
4
117
93
49
119
95
43
34
106
75
42
78
54
90
116
55
2
84
123
23
104
101
122
53
90
102
109
98
89
53
64
94
80
64
125
22
102
83
33
18
113
71
67
26
4
86
125
113
45
93
33
122
58
88
119
20
51
110
45
87
12
2
123
8
100
33
38
113
109
110
123
85
72
47
61
10
111
47
75
43
18
81
5
62
117
51
33
35
39
103
124
74
12
9
38
58
124
24
54
67
81
83
66
51
45
84
120
76
15
53
7
42
39
109
11
11
58
64
52
16
25
62
90
122
39
38
83
30
122
99
53
18
50
64
98
8
91
31
20
1
76
17
21
71
86
5
4
9
61
14
85
50
4
5
41
104
73
98
41
82
4
5
36
39
112
5
103
116
86
1
91
18
80
69
103
25
78
33
26
8
61
106
5
62
67
16
23
91
85
34
108
12
72
56
89
108
70
126
52
97
0
6
66
99
24
24
39
54
54
91
126
96
100
86
67
120
83
65
82
62
97
42
79
63
87
61
29
119
105
54
104
54
59
58
35
95
18
119
108
98
83
40
26
66
5
105
55
75
102
78
56
99
89
101
59
62
1
92
101
45
36
71
102
26
31
42
111
106
109
6
117
113
70
110
29
101
70
109
98
5
109
123
48
119
89
84
96
3
56
64
45
106
105
90
32
2
66
65
105
81
118
120
100
16
46
33
63
19
125
71
60
47
82
94
66
68
7
24
100
18
18
16
43
84
9
44
11
104
81
73
8
110
36
45
0
21
125
75
79
30
25
14
119
48
73
107
97
88
35
11
50
103
2
72
119
109
84
66
100
34
2
30
65
17
29
2
45
17
94
79
85
1
40
25
59
104
12
50
40
67
48
120
105
2
56
33
63
14
62
127
64
28
79
60
34
92
43
84
111
20
92
12
31
2
26
28
6
18
7
3
122
12
122
93
104
0
118
15
101
24
0
123
55
118
27
21
11
12
21
86
57
48
54
81
124
94
42
2
28
24
22
105
73
20
86
76
123
30
100
36
92
52
66
65
81
37
73
106
3
9
65
39
122
89
55
104
32
59
28
99
113
63
14
85
50
76
50
114
65
90
98
80
104
97
91
12
100
31
127
32
42
76
52
109
32
106
21
77
7
8
47
66
119
117
22
103
65
86
118
22
115
27
46
63
89
45
82
82
17
12
64
92
21
82
91
80
72
8
33
82
14
13
83
119
20
23
62
68
62
50
30
43
72
44
48
88
84
94
82
118
57
32
75
37
35
84
112
4
24
87
81
59
106
73
27
87
2
15
99
10
62
91
122
61
88
41
15
64
83
62
56
20
58
96
112
46
76
47
113
62
115
15
50
103
27
32
82
35
46
5
5
17
19
124
94
24
0
111
36
74
5
12
88
79
31
68
49
103
18
124
106
69
16
4
34
105
118
19
3
5
35
122
23
93
126
66
52
121
64
97
3
43
12
47
83
120
14
63
86
36
99
101
95
56
123
91
127
95
92
32
0
12
75
116
115
18
82
30
48
64
16
58
89
66
73
21
71
103
78
98
75
126
90
115
92
56
59
67
112
22
116
96
94
75
87
37
53
13
38
49
64
62
107
78
97
9
47
36
67
46
77
58
32
67
36
18
13
36
61
40
76
59
68
49
64
116
56
18
72
108
14
39
4
55
49
18
21
73
9
103
84
1
5
35
63
8
53
22
89
108
76
7
65
112
19
25
83
96
98
9
24
1
111
91
42
71
52
48
11
72
52
87
118
38
57
0
40
23
23
33
14
108
121
20
88
37
73
109
59
8
0
123
125
4
49
49
61
19
83
28
59
115
87
106
101
15
52
102
102
2
33
92
70
45
66
124
60
1
80
87
34
99
12
8
68
62
44
49
29
85
25
57
125
15
104
75
59
61
3
55
1
13
66
19
80
17
21
125
110
42
28
20
101
74
121
124
14
32
73
123
90
67
127
10